# C(16,3) = 560 комбінацій
1: [1, 2, 3];
2: [1, 2, 4];
3: [1, 2, 5];
4: [1, 2, 6];
5: [1, 2, 7];
6: [1, 2, 8];
7: [1, 2, 9];
8: [1, 2, 10];
9: [1, 2, 11];
10: [1, 2, 12];
11: [1, 2, 13];
12: [1, 2, 14];
13: [1, 2, 15];
14: [1, 2, 16];
15: [1, 3, 4];
16: [1, 3, 5];
17: [1, 3, 6];
18: [1, 3, 7];
19: [1, 3, 8];
20: [1, 3, 9];
21: [1, 3, 10];
22: [1, 3, 11];
23: [1, 3, 12];
24: [1, 3, 13];
25: [1, 3, 14];
26: [1, 3, 15];
27: [1, 3, 16];
28: [1, 4, 5];
29: [1, 4, 6];
30: [1, 4, 7];
31: [1, 4, 8];
32: [1, 4, 9];
33: [1, 4, 10];
34: [1, 4, 11];
35: [1, 4, 12];
36: [1, 4, 13];
37: [1, 4, 14];
38: [1, 4, 15];
39: [1, 4, 16];
40: [1, 5, 6];
41: [1, 5, 7];
42: [1, 5, 8];
43: [1, 5, 9];
44: [1, 5, 10];
45: [1, 5, 11];
46: [1, 5, 12];
47: [1, 5, 13];
48: [1, 5, 14];
49: [1, 5, 15];
50: [1, 5, 16];
51: [1, 6, 7];
52: [1, 6, 8];
53: [1, 6, 9];
54: [1, 6, 10];
55: [1, 6, 11];
56: [1, 6, 12];
57: [1, 6, 13];
58: [1, 6, 14];
59: [1, 6, 15];
60: [1, 6, 16];
61: [1, 7, 8];
62: [1, 7, 9];
63: [1, 7, 10];
64: [1, 7, 11];
65: [1, 7, 12];
66: [1, 7, 13];
67: [1, 7, 14];
68: [1, 7, 15];
69: [1, 7, 16];
70: [1, 8, 9];
71: [1, 8, 10];
72: [1, 8, 11];
73: [1, 8, 12];
74: [1, 8, 13];
75: [1, 8, 14];
76: [1, 8, 15];
77: [1, 8, 16];
78: [1, 9, 10];
79: [1, 9, 11];
80: [1, 9, 12];
81: [1, 9, 13];
82: [1, 9, 14];
83: [1, 9, 15];
84: [1, 9, 16];
85: [1, 10, 11];
86: [1, 10, 12];
87: [1, 10, 13];
88: [1, 10, 14];
89: [1, 10, 15];
90: [1, 10, 16];
91: [1, 11, 12];
92: [1, 11, 13];
93: [1, 11, 14];
94: [1, 11, 15];
95: [1, 11, 16];
96: [1, 12, 13];
97: [1, 12, 14];
98: [1, 12, 15];
99: [1, 12, 16];
100: [1, 13, 14];
101: [1, 13, 15];
102: [1, 13, 16];
103: [1, 14, 15];
104: [1, 14, 16];
105: [1, 15, 16];
106: [2, 3, 4];
107: [2, 3, 5];
108: [2, 3, 6];
109: [2, 3, 7];
110: [2, 3, 8];
111: [2, 3, 9];
112: [2, 3, 10];
113: [2, 3, 11];
114: [2, 3, 12];
115: [2, 3, 13];
116: [2, 3, 14];
117: [2, 3, 15];
118: [2, 3, 16];
119: [2, 4, 5];
120: [2, 4, 6];
121: [2, 4, 7];
122: [2, 4, 8];
123: [2, 4, 9];
124: [2, 4, 10];
125: [2, 4, 11];
126: [2, 4, 12];
127: [2, 4, 13];
128: [2, 4, 14];
129: [2, 4, 15];
130: [2, 4, 16];
131: [2, 5, 6];
132: [2, 5, 7];
133: [2, 5, 8];
134: [2, 5, 9];
135: [2, 5, 10];
136: [2, 5, 11];
137: [2, 5, 12];
138: [2, 5, 13];
139: [2, 5, 14];
140: [2, 5, 15];
141: [2, 5, 16];
142: [2, 6, 7];
143: [2, 6, 8];
144: [2, 6, 9];
145: [2, 6, 10];
146: [2, 6, 11];
147: [2, 6, 12];
148: [2, 6, 13];
149: [2, 6, 14];
150: [2, 6, 15];
151: [2, 6, 16];
152: [2, 7, 8];
153: [2, 7, 9];
154: [2, 7, 10];
155: [2, 7, 11];
156: [2, 7, 12];
157: [2, 7, 13];
158: [2, 7, 14];
159: [2, 7, 15];
160: [2, 7, 16];
161: [2, 8, 9];
162: [2, 8, 10];
163: [2, 8, 11];
164: [2, 8, 12];
165: [2, 8, 13];
166: [2, 8, 14];
167: [2, 8, 15];
168: [2, 8, 16];
169: [2, 9, 10];
170: [2, 9, 11];
171: [2, 9, 12];
172: [2, 9, 13];
173: [2, 9, 14];
174: [2, 9, 15];
175: [2, 9, 16];
176: [2, 10, 11];
177: [2, 10, 12];
178: [2, 10, 13];
179: [2, 10, 14];
180: [2, 10, 15];
181: [2, 10, 16];
182: [2, 11, 12];
183: [2, 11, 13];
184: [2, 11, 14];
185: [2, 11, 15];
186: [2, 11, 16];
187: [2, 12, 13];
188: [2, 12, 14];
189: [2, 12, 15];
190: [2, 12, 16];
191: [2, 13, 14];
192: [2, 13, 15];
193: [2, 13, 16];
194: [2, 14, 15];
195: [2, 14, 16];
196: [2, 15, 16];
197: [3, 4, 5];
198: [3, 4, 6];
199: [3, 4, 7];
200: [3, 4, 8];
201: [3, 4, 9];
202: [3, 4, 10];
203: [3, 4, 11];
204: [3, 4, 12];
205: [3, 4, 13];
206: [3, 4, 14];
207: [3, 4, 15];
208: [3, 4, 16];
209: [3, 5, 6];
210: [3, 5, 7];
211: [3, 5, 8];
212: [3, 5, 9];
213: [3, 5, 10];
214: [3, 5, 11];
215: [3, 5, 12];
216: [3, 5, 13];
217: [3, 5, 14];
218: [3, 5, 15];
219: [3, 5, 16];
220: [3, 6, 7];
221: [3, 6, 8];
222: [3, 6, 9];
223: [3, 6, 10];
224: [3, 6, 11];
225: [3, 6, 12];
226: [3, 6, 13];
227: [3, 6, 14];
228: [3, 6, 15];
229: [3, 6, 16];
230: [3, 7, 8];
231: [3, 7, 9];
232: [3, 7, 10];
233: [3, 7, 11];
234: [3, 7, 12];
235: [3, 7, 13];
236: [3, 7, 14];
237: [3, 7, 15];
238: [3, 7, 16];
239: [3, 8, 9];
240: [3, 8, 10];
241: [3, 8, 11];
242: [3, 8, 12];
243: [3, 8, 13];
244: [3, 8, 14];
245: [3, 8, 15];
246: [3, 8, 16];
247: [3, 9, 10];
248: [3, 9, 11];
249: [3, 9, 12];
250: [3, 9, 13];
251: [3, 9, 14];
252: [3, 9, 15];
253: [3, 9, 16];
254: [3, 10, 11];
255: [3, 10, 12];
256: [3, 10, 13];
257: [3, 10, 14];
258: [3, 10, 15];
259: [3, 10, 16];
260: [3, 11, 12];
261: [3, 11, 13];
262: [3, 11, 14];
263: [3, 11, 15];
264: [3, 11, 16];
265: [3, 12, 13];
266: [3, 12, 14];
267: [3, 12, 15];
268: [3, 12, 16];
269: [3, 13, 14];
270: [3, 13, 15];
271: [3, 13, 16];
272: [3, 14, 15];
273: [3, 14, 16];
274: [3, 15, 16];
275: [4, 5, 6];
276: [4, 5, 7];
277: [4, 5, 8];
278: [4, 5, 9];
279: [4, 5, 10];
280: [4, 5, 11];
281: [4, 5, 12];
282: [4, 5, 13];
283: [4, 5, 14];
284: [4, 5, 15];
285: [4, 5, 16];
286: [4, 6, 7];
287: [4, 6, 8];
288: [4, 6, 9];
289: [4, 6, 10];
290: [4, 6, 11];
291: [4, 6, 12];
292: [4, 6, 13];
293: [4, 6, 14];
294: [4, 6, 15];
295: [4, 6, 16];
296: [4, 7, 8];
297: [4, 7, 9];
298: [4, 7, 10];
299: [4, 7, 11];
300: [4, 7, 12];
301: [4, 7, 13];
302: [4, 7, 14];
303: [4, 7, 15];
304: [4, 7, 16];
305: [4, 8, 9];
306: [4, 8, 10];
307: [4, 8, 11];
308: [4, 8, 12];
309: [4, 8, 13];
310: [4, 8, 14];
311: [4, 8, 15];
312: [4, 8, 16];
313: [4, 9, 10];
314: [4, 9, 11];
315: [4, 9, 12];
316: [4, 9, 13];
317: [4, 9, 14];
318: [4, 9, 15];
319: [4, 9, 16];
320: [4, 10, 11];
321: [4, 10, 12];
322: [4, 10, 13];
323: [4, 10, 14];
324: [4, 10, 15];
325: [4, 10, 16];
326: [4, 11, 12];
327: [4, 11, 13];
328: [4, 11, 14];
329: [4, 11, 15];
330: [4, 11, 16];
331: [4, 12, 13];
332: [4, 12, 14];
333: [4, 12, 15];
334: [4, 12, 16];
335: [4, 13, 14];
336: [4, 13, 15];
337: [4, 13, 16];
338: [4, 14, 15];
339: [4, 14, 16];
340: [4, 15, 16];
341: [5, 6, 7];
342: [5, 6, 8];
343: [5, 6, 9];
344: [5, 6, 10];
345: [5, 6, 11];
346: [5, 6, 12];
347: [5, 6, 13];
348: [5, 6, 14];
349: [5, 6, 15];
350: [5, 6, 16];
351: [5, 7, 8];
352: [5, 7, 9];
353: [5, 7, 10];
354: [5, 7, 11];
355: [5, 7, 12];
356: [5, 7, 13];
357: [5, 7, 14];
358: [5, 7, 15];
359: [5, 7, 16];
360: [5, 8, 9];
361: [5, 8, 10];
362: [5, 8, 11];
363: [5, 8, 12];
364: [5, 8, 13];
365: [5, 8, 14];
366: [5, 8, 15];
367: [5, 8, 16];
368: [5, 9, 10];
369: [5, 9, 11];
370: [5, 9, 12];
371: [5, 9, 13];
372: [5, 9, 14];
373: [5, 9, 15];
374: [5, 9, 16];
375: [5, 10, 11];
376: [5, 10, 12];
377: [5, 10, 13];
378: [5, 10, 14];
379: [5, 10, 15];
380: [5, 10, 16];
381: [5, 11, 12];
382: [5, 11, 13];
383: [5, 11, 14];
384: [5, 11, 15];
385: [5, 11, 16];
386: [5, 12, 13];
387: [5, 12, 14];
388: [5, 12, 15];
389: [5, 12, 16];
390: [5, 13, 14];
391: [5, 13, 15];
392: [5, 13, 16];
393: [5, 14, 15];
394: [5, 14, 16];
395: [5, 15, 16];
396: [6, 7, 8];
397: [6, 7, 9];
398: [6, 7, 10];
399: [6, 7, 11];
400: [6, 7, 12];
401: [6, 7, 13];
402: [6, 7, 14];
403: [6, 7, 15];
404: [6, 7, 16];
405: [6, 8, 9];
406: [6, 8, 10];
407: [6, 8, 11];
408: [6, 8, 12];
409: [6, 8, 13];
410: [6, 8, 14];
411: [6, 8, 15];
412: [6, 8, 16];
413: [6, 9, 10];
414: [6, 9, 11];
415: [6, 9, 12];
416: [6, 9, 13];
417: [6, 9, 14];
418: [6, 9, 15];
419: [6, 9, 16];
420: [6, 10, 11];
421: [6, 10, 12];
422: [6, 10, 13];
423: [6, 10, 14];
424: [6, 10, 15];
425: [6, 10, 16];
426: [6, 11, 12];
427: [6, 11, 13];
428: [6, 11, 14];
429: [6, 11, 15];
430: [6, 11, 16];
431: [6, 12, 13];
432: [6, 12, 14];
433: [6, 12, 15];
434: [6, 12, 16];
435: [6, 13, 14];
436: [6, 13, 15];
437: [6, 13, 16];
438: [6, 14, 15];
439: [6, 14, 16];
440: [6, 15, 16];
441: [7, 8, 9];
442: [7, 8, 10];
443: [7, 8, 11];
444: [7, 8, 12];
445: [7, 8, 13];
446: [7, 8, 14];
447: [7, 8, 15];
448: [7, 8, 16];
449: [7, 9, 10];
450: [7, 9, 11];
451: [7, 9, 12];
452: [7, 9, 13];
453: [7, 9, 14];
454: [7, 9, 15];
455: [7, 9, 16];
456: [7, 10, 11];
457: [7, 10, 12];
458: [7, 10, 13];
459: [7, 10, 14];
460: [7, 10, 15];
461: [7, 10, 16];
462: [7, 11, 12];
463: [7, 11, 13];
464: [7, 11, 14];
465: [7, 11, 15];
466: [7, 11, 16];
467: [7, 12, 13];
468: [7, 12, 14];
469: [7, 12, 15];
470: [7, 12, 16];
471: [7, 13, 14];
472: [7, 13, 15];
473: [7, 13, 16];
474: [7, 14, 15];
475: [7, 14, 16];
476: [7, 15, 16];
477: [8, 9, 10];
478: [8, 9, 11];
479: [8, 9, 12];
480: [8, 9, 13];
481: [8, 9, 14];
482: [8, 9, 15];
483: [8, 9, 16];
484: [8, 10, 11];
485: [8, 10, 12];
486: [8, 10, 13];
487: [8, 10, 14];
488: [8, 10, 15];
489: [8, 10, 16];
490: [8, 11, 12];
491: [8, 11, 13];
492: [8, 11, 14];
493: [8, 11, 15];
494: [8, 11, 16];
495: [8, 12, 13];
496: [8, 12, 14];
497: [8, 12, 15];
498: [8, 12, 16];
499: [8, 13, 14];
500: [8, 13, 15];
501: [8, 13, 16];
502: [8, 14, 15];
503: [8, 14, 16];
504: [8, 15, 16];
505: [9, 10, 11];
506: [9, 10, 12];
507: [9, 10, 13];
508: [9, 10, 14];
509: [9, 10, 15];
510: [9, 10, 16];
511: [9, 11, 12];
512: [9, 11, 13];
513: [9, 11, 14];
514: [9, 11, 15];
515: [9, 11, 16];
516: [9, 12, 13];
517: [9, 12, 14];
518: [9, 12, 15];
519: [9, 12, 16];
520: [9, 13, 14];
521: [9, 13, 15];
522: [9, 13, 16];
523: [9, 14, 15];
524: [9, 14, 16];
525: [9, 15, 16];
526: [10, 11, 12];
527: [10, 11, 13];
528: [10, 11, 14];
529: [10, 11, 15];
530: [10, 11, 16];
531: [10, 12, 13];
532: [10, 12, 14];
533: [10, 12, 15];
534: [10, 12, 16];
535: [10, 13, 14];
536: [10, 13, 15];
537: [10, 13, 16];
538: [10, 14, 15];
539: [10, 14, 16];
540: [10, 15, 16];
541: [11, 12, 13];
542: [11, 12, 14];
543: [11, 12, 15];
544: [11, 12, 16];
545: [11, 13, 14];
546: [11, 13, 15];
547: [11, 13, 16];
548: [11, 14, 15];
549: [11, 14, 16];
550: [11, 15, 16];
551: [12, 13, 14];
552: [12, 13, 15];
553: [12, 13, 16];
554: [12, 14, 15];
555: [12, 14, 16];
556: [12, 15, 16];
557: [13, 14, 15];
558: [13, 14, 16];
559: [13, 15, 16];
560: [14, 15, 16];
